[app/ui]
version = 9.2.0.1
modtime = 1709157494.227601000

[app/launcher]
version = 9.2.0.1
modtime = 1709157494.229418000
